0000000
0000000
0000000
0000000
0000000
0000000
0000000
0000000
0000000
0000000
0000000
0000000
0000000
0000000
0000000
0000000
0000000
0000000
0000000
0000000
0000000
0000000
0000000
0000000
0000000
0000000
0000000
0000000
0000000
0000000
0000000
0000000
0000000
0000000
0000000
0000000
0000000
0000000
0000000
0000000
0000000
0000000
0000000
0000000
0000000
0000000
0000000
0000000
0000000
0000000
0000000
0000000
0000000
0000000
0000000
0000000
0000000
0000000
0000000
0000000
0000000
0000000
0000000
0000000
0000000
0000000
0000000
0000000
0000000
0000000
0000000
0000000
0000000
0000000
0000000
0000000
0000000
0000000
0000000
0000000
0000000
0000000
0000083
0000083
0000083
0000083
0000083
0000083
0000083
0000083
0000083
0000083
0000171
0000171
0000171
0000171
0000171
0000171
0000171
0000171
0000171
0000171
0000171
0000171
0000171
0000171
0000171
0000171
0000171
0000171
0000171
0000171
0000171
0000171
0000171
0000171
0000171
0000171
0000171
0000171
0000171
0000171
0000171
0000171
0000171
0000171
0000171
0000171
0000171
0000171
0000171
0000171
0000171
0000171
0000171
0000171
0000171
0000171
0000171
0000171
0000171
0000171
0000171
0000171
0000171
0000171
0000171
0000171
0000171
0000171
0000171
0000171
0000171
0000171
0000171
0000171
0000171
0000171
0000171
0000171
0000171
0000171
0000171
0000171
0000171
0000171
0000171
0000171
0000171
0000171
0000171
0000171
0000171
0000171
0000171
0000171
0000171
0000171
0000171
0000171
0000171
0000171
0000171
0000171
0000171
0000171
0000171
0000171
0000171
0000171
0000171
0000171
0000171
0000171
0000171
0000171
0000171
0000171
0000171
0000171
0000171
0000254
0000254
0000254
0000346
0000429
0000819
0000819
0000819
0000819
0000819
0000819
0000819
0000819
0000819
0000819
0000819
0000819
0001075
0001260
0002925
0003918
0004382
0005142
0005142
0005142
0005142
0005142
0005142
0005340
0005440
0005440
0005440
0005622
0006003
0006192
0006935
0006935
0006935
0007021
0007138
0007963
0009228
0009228
0009228
0009228
0009228
0009324
0009324
0009427
0009427
0009427
0009427
0009427
0009427
0009427
0009427
0009427
0009427
0009427
0009427
0009427
0009427
0009427
0009427
0009427
0009427
0009427
0009427
0009427
0009427
0009427
0009427
0009427
0009594
0009594
0009594
0009594
0009594
0009594
0009594
0009694
0009694
0009694
0009694
0009694
0009694
0009694
0009791
0009871
0009871
0009964
0009964
0009964
0009964
0009964
0009964
0009964
0009964
0009964
0009964
0010071
0010257
0010442
0010442
0010764
0010873
0010873
0010873
0010968
0010968
0010968
0010968
0010968
0010968
0010968
0010968
0010968
0010968
0010968
0010968
0011052
0011052
0011155
0011246
0011246
0011246
0011246
0011246
0011246
0011246
0011246
0011246
0011246
0011246
0011246
0011246
0011246
0011246
0011246
0011246
0011246
0011246
0011246
0011246
0011246
0011246
0011246
0011246
0011246
0011246
0011246
0011246
0011246
0011246
0011246
0011246
0011246
0011246
0011246
0011246
0011246
0011246
0011246
0011246
0011246
0011246
0011246
0011246
0011246
0011246
0011246
0011246
0011246
0011246
0011246
0011246
0011246
0011246
0011246
0011246
0011246
0011246
0011246
0011246
0011246
0011246
0011246
0011246
0011246
0011246
0011246
0011246
0011246
0011246
0011246
0011246
0011246
0011246
0011246
0011246
0011246
0011246
0011246
0011246
0011348
0011348
0011348
0011348
0011348
0011348
0011348
0011348
0011348
0011348
0011348
0011348
0011348
0011348
0011348
0011348
0011348
0011348
0011348
0011348
0011348
0011348
0011348
0011348
0011348
0011348
0011348
0011348
0011348
0011348
0011348
0011348
0011348
0011348
0011348
0011348
0011348
0011348
0011348
0011348
0011459
0011459
0011459
0011459
0011578
0011678
0011678
0011678
0011774
0011774
0011774
0011774
0011774
0011774
0011774
0011774
0011774
0011774
0011774
0011774
0011774
0011774
0011774
0011774
0011774
0011774
0011774
0011774
0011774
0011774
0011774
0011871
0011871
0011871
0011960
0011960
0011960
0011960
0011960
0011960
0011960
0011960
0011960
0011960
0011960
0011960
0011960
0011960
0011960
0011960
0011960
0012056
0012056
0012056
0012056
0012056
0012056
0012056
0012056
0012056
0012056
0012056
0012056
0012056
0012056
0012056
0012056
0012056
0012170
0012260
0012260
0012260
0012260
0012260
0012260
0012260
0012260
0012260
0012260
0012260
0012260
0012260
0012365
0012467
0012467
0012467
0012467
0012467
0012467
0012559
0012559
0012559
0012559
0012559
0012651
0012651
0012651
0012737
0012737
0012737
0012737
0012737
0012828
0013028
0013232
0013335
0013739
0013821
0013821
0013916
0014021
0014452
0015594
0016007
0016955
0017988
0019009
0019390
0020254
0020551
0021373
0022418
0024031
0025635
0027628
0031136
0034205
0038347
0043721
0048742
0053214
0056890
0061731
0065925
0069330
0073451
0077051
0080767
0084276
0085999
0086869
0088774
0092483
0094461
0095779
0097870
0098829
0099692
0100371
0102046
0104625
0105782
0106541
0107604
0110178
0110983
0112359
0114199
0116588
0119151
0120139
0121414
0124302
0126549
0128953
0129789
0130718
0134196
0134984
0135747
0137180
0141374
0143625
0144943
0147470
0150243
0152763
0155016
0158228
0160197
0162485
0163709
0166628
0172952
0178031
0182643
0185555
0188252
0188775
0189139
0190681
0195966
0204400
0210283
0211473
0212934
0213921
0214442
0215116
0215386
0215941
0216571
0218224
0219992
0221755
0223219
0224194
0225950
0226522
0228243
0229333
0230947
0235050
0237558
0240278
0244827
0248438
0249578
0250905
0253874
0255886
0257578
0259275
0261267
0261826
0262030
0263032
0265404
0266310
0267694
0268583
0270632
0274301
0276463
0277989
0281346
0291256
0300828
0304048
0308095
0310239
0313207
0315022
0316130
0317525
0321555
0325605
0327960
0328847
0329475
0329674
0329752
0330242
0330907
0331387
0332063
0333394
0334203
0336162
0337166
0337674
0338021
0338308
0339650
0340180
0340180
0340386
0340764
0342048
0342611
0343368
0344302
0344672
0345146
0345334
0345912
0346546
0347549
0348125
0348300
0348491
0348780
0348985
0349516
0349822
0351047
0352488
0353367
0355479
0359011
0361981
0364126
0366113
0366291
0366818
0368498
0371201
0371848
0372333
0373497
0374892
0375765
0376238
0377396
0381644
0385389
0388779
0395004
0398528
0399695
0400883
0402160
0402612
0403265
0403533
0403719
0403985
0404661
0405311
0406776
0407767
0408865
0409791
0411371
0412281
0412997
0413537
0413924
0414438
0415364
0416224
0417050
0418361
0419589
0420540
0421101
0422089
0423907
0425530
0426665
0427009
0428006
0429386
0430393
0431367
0432238
0433705
0435105
0436441
0437596
0438761
0440216
0441868
0442701
0443891
0445074
0446890
0448738
0450453
0451689
0452435
0453787
0455932
0458195
0460647
0461683
0463565
0464671
0466104
0468667
0470349
0474113
0476975
0479062
0480870
0483917
0487596
0490638
0495233
0499418
0503678
0509491
0513157
0518248
0524035
0529645
0534727
0539452
0544934
0551606
0555657
0558303
0560584
0563096
0568704
0572275
0575757
0579126
0583385
0589622
0598201
0602276
0606887
0609511
0616095
0618697
0622282
0626461
0631583
0634157
0637282
0639668
0646382
0650859
0654321
0657628
0659400
0662794
0667313
0671697
0676436
0679307
0684760
0691195
0695688
0698271
0702432
0707095
0709818
0713609
0716497
0721819
0725233
0727767
0731228
0734987
0737919
0739826
0741733
0744400
0748121
0751229
0753586
0756250
0759253
0760946
0763306
0764707
0768688
0773089
0776183
0781221
0785401
0789907
0794171
0798716
0802649
0807324
0811613
0816990
0821336
0824246
0827398
0832272
0835088
0839565
0844959
0847405
0850858
0854302
0859595
0865438
0872579
0880326
0889593
0899079
0910753
0920566
0928123
0934903
0938578
0942399
0946658
0951590
0953684
0957658
0962785
0968483
0972012
0976803
0982188
0989100
0995076
1000541
1006892
1013656
1021042
1027739
1033392
1041083
1046718
1054746
1059712
1064599
1070044
1075213
1080654
1085830
1090737
1098665
1107740
1119417
1127867
1139829
1148684
1152969
1158177
1164236
1172052
1177510
1186800
1193409
1201177
1209111
1217145
1222168
1227078
1235535
1243998
1252086
1260432
1275405
1284711
1294028
1299369
1312754
1332327
1344108
1362465
1374935
1385252
1396366
1405494
1413531
1419943
1427663
1437131
1445782
1453497
1461294
1465044
1475042
1485657
1501186
1525798
1540110
1551759
1561933
1570403
1577387
1585341
1594307
1604150
1610906
1616834
1626068
1634225
1640444
1646770
1653227
1660981
1665099
1667547
1670225
1673968
1677253
1680095
1685300
1688885
1694502
1699318
1704647
1710708
1714165
1718310
1723557
1727827
1732244
1736020
1740599
1744954
1749780
1754086
1758298
1762949
1769328
1774605
1779389
1784905
1789839
1798454
1804404
1809315
1815644
1823089
1826929
1831018
1834715
1840345
1845026
1849690
1852998
1858493
1864808
1871251
1880049
1888091
1897968
1906801
1914774
1920529
1926711
1930939
1936519
1942015
1946541
1950323
1954009
1959680
1965403
1969026
1972180
1974322
1975591
1978006
1979921
1983065
1985275
1988524
1993397
1996791
2001280
2007040
2013037
2018830
2023216
2026823
2030184
2032628
2035785
2039293
2041405
2043240
2045238
2047085
2048591
2050107
2050451
2050844
2051636
2051924
2052286
2052646
2053223
2053744
2054177
2055704
2056773
2057701
2057971
2058552
2059925
2060616
2061192
2061469
2061838
2062500
2062592
2062781
2062869
2063398
2063499
2063798
2064065
2064259
2064452
2064745
2065319
2065731
2066340
2067094
2067187
2067385
2067707
2068247
2068645
2068913
2069207
2070044
2070320
2070523
2070523
2071302
2071302
2071792
2072079
2072554
2073372
2073978
2074901
2075568
2076430
2077067
2077877
2078425
2078629
2078822
2078917
2079453
2079730
2080270
2080937
2081618
2082417
2083204
2083301
2083407
2083497
2083681
2083953
2083953
2083953
2084323
2084323
2084630
2084828
2085164
2085430
2085541
2085710
2085881
2086304
2086568
2086568
2086781
2087064
2087427
2087507
2087507
2088466
2088585
2088764
2089070
2089379
2089379
2089594
2089594
2089594
2089813
2090246
2090426
2090426
2090426
2090509
2090790
2092262
2093287
2094605
2097059
2098197
2099568
2100457
2100893
2101003
2101230
2102235
2102235
2102482
2102854
2103554
2104170
2104170
2104290
2104290
2104290
2104416
2104579
2104992
2104992
2104992
2104992
2104992
2105093
2105188
2105188
2105291
2105685
2105772
2105772
2105772
2105862
2105862
2105862
2105862
2106106
2106315
2106590
2106590
2106682
2106856
2106856
2106856
2106856
2107060
2107060
2107060
2107375
2107375
2107375
2107478
2107578
2107675
2107675
2107785
2107785
2107785
2107883
2107983
2107983
2107983
2108404
2108404
2108404
2108404
2108404
2108404
2108510
2108510
2108510
2108510
2108510
2108510
2108622
2108911
2109167
2109167
2109167
2109244
2109244
2109244
2109244
2109244
2109244
2109331
2109428
2109428
2109428
2109536
2109536
2109536
2109627
2109627
2109804
2109912
2110287
2110441
2110526
2110526
2110650
2110746
2110746
2110872
2110872
2110872
2110872
2110872
2111039
2111039
2111039
2111581
2111581
2111581
2111960
2112088
2112309
2112857
2112935
2113084
2113681
2113681
2113901
2114007
2114874
2115223
2115445
2115579
2115579
2115579
2115579
2115579
2115579
2115579
2115579
2115579
2115579
2115579
2115579
2115579
2115579
2115579
2115700
2115700
2115700
2115700
2115700
2115791
2115791
2115791
2115791
2115791
2115894
2116019
2116250
2116347
2116347
2116488
2116488
2116488
2116488
2116488
2116488
2116488
2116488
2116488
2116488
2116612
2116612
2116612
2116612
2116612
2116612
2116612
2116612
2116612
2116612
2116612
2116612
2116612
2116612
2116612
2116612
2116707
2116707
2116707
2116707
2116707
2116707
2116707
2116707
2116707
2116707
2116707
2116707
2116707
2116780
2116850
2116850
2116850
2116850
2116850
2116850
2116962
2116962
2116962
2116962
2117043
2117043
2117043
2117043
2117043
2117043
2117043
2117043
2117043
2117043
2117043
2117043
2117043
2117043
2117043
2117043
2117043
2117043
2117043
2117043
2117043
2117043
2117043
2117043
2117043
2117043
2117043
2117043
2117043
2117043
2117179
2117179
2117179
2117179
2117179
2117179
2117179
2117179
2117179
2117179
2117179
2117179
2117179
2117179
2117179
2117179
2117179
2117179
2117179
2117179
2117179
2117179
2117179
2117179
2117179
2117179
2117179
2117179
2117179
2117179
2117179
2117179
2117179
2117179
2117179
2117179
2117179
2117179
2117179
2117179
2117179
2117179
2117179
2117179
2117179
2117179
2117179
2117179
2117179
2117179
2117179
2117179
2117179
2117179
2117179
2117179
2117179
2117179
2117179
2117179
2117179
2117179
2117179
2117179
2117179
2117179
2117179
2117179
2117179
2117179
2117179
2117179
2117179
2117179
2117179
2117179
2117179
2117179
2117286
2117286
2117286
2117286
2117286
2117286
2117286
2117286
2117286
2117286
2117286
2117286
2117286
2117286
2117286
2117399
2117399
2117399
2117723
2117723
2117723
2117723
2117723
2117723
2117723
2117723
2117723
2117723
2117723
2117723
2117723
2117723
2117723
2117723
2117723
2117810
2117810
2117810
2117810
2117810
2117911
2117911
2117911
2117911
2118014
2118110
2118228
2118228
2118228
2118406
2118406
2118523
2118694
2118888
2119407
2120504
2120504
2120504
2120599
2120599
2120793
2120793
2120886
2121119
2121216
2121216
2121216
2121216
2121301
2121479
2121479
2121479
2121479
2121479
2121479
2121479
2121479
2121479
2121479
2121479
2121479
2121479
2121479
2121479
2121479
2121479
2121773
2121773
2121773
2121773
2121848
2121848
2121848
2121848
2121848
2121848
2121942
2121942
2122036
2122036
2122121
2122224
2122224
2122300
2123180
2123592
2124133
2124133
2124246
2124246
2124246
2124246
2124246
2124246
2124440
2124650
2124847
2124963
2124963
2125341
2125341
2125341
2125341
2125341
2125341
2125341
2125341
2125341
2125424
2125424
2125424
2125424
2125551
2125662
2125901
2125997
2126113
2126113
2126113
2126235
2126235
2126235
2126235
2126235
2126235
2126235
2126235
2126235
2126235
2126235
2126235
2126235
2126235
2126235
2126235
2126235
2126235
2126235
2126235
2126235
2126235
2126235
2126235
2126235
2126235
2126235
2126235
2126332
2126332
2126332
2126490
2127062
2127353
2127445
2127855
2128252
2128932
2130539
2131316
2131975
2133230
2134049
2134580
2135381
2136239
2138163
2140224
2142299
2143617
2144769
2145956
2147378
2149734
2151160
2152182
2152911
2153726
2155363
2157383
2158545
2160324
2161575
2162806
2164064
2165408
2167292
2169342
2172044
2173948
2177253
2181514
2187787
2190891
2192844
2194653
2197495
2199250
2199655
2200473
2202614
2204299
2205827
2209436
2212056
2214032
2217427
2223327
2226630
2228853
2233133
2237173
2241447
2246654
2250904
2255462
2260235
2264489
2269411
2274061
2279064
2284549
2288924
2295900
2302020
2309848
2317016
2324082
2330926
2340066
2346752
2354736
2365727
2373622
2382825
2390806
2399940
2408912
2419381
2428994
2435109
2443787
2452518
2460131
2466722
2472466
2478578
2485689
2493531
2504215
2512827
2521666
2527997
2535726
2543226
2549716
2555523
2560298
2563906
2566381
2571508
2574020
2576741
2578010
2579875
2582555
2585197
2589211
2591091
2593075
2594382
2595796
2597610
2599418
2603169
2606406
2607692
2609279
2612425
2614246
2616662
2618535
2620272
2621617
2623254
2625958
2626469
2627974
2629747
2630026
2630739
2631080
2632164
2633701
2634924
2635367
2636624
2641328
2644167
2648299
2650441
2653029
2656832
2660501
2662759
2664437
2667412
2670135
2672771
2675304
2677550
2680824
2682464
2685088
2688509
2691431
2694896
2696069
2697733
2699990
2702724
2707385
2710618
2716929
2720062
2723062
2726025
2727471
2731092
2734923
2736792
2739895
2742810
2744994
2746925
2749752
2751873
2756537
2760464
2765226
2770003
2773497
2778128
2780551
2783999
2789024
2794883
2797849
2801095
2804643
2808280
2813565
2817300
2824091
2828334
2831616
2835772
2839843
2842674
2847812
2850228
2852877
2856488
2860404
2862414
2864934
2867428
2870055
2873220
2876335
2878578
2883915
2886017
2889210
2893191
2895214
2898578
2904664
2910030
2912674
2915610
2918593
2922289
2924985
2928472
2932996
2935504
2936445
2939127
2943494
2945561
2946873
2948141
2949328
2951527
2955424
2957947
2959410
2961742
2963641
2965550
2966327
2967898
2969013
2971921
2972869
2973875
2974978
2975688
2977260
2978061
2978820
2980723
2981991
2982485
2985895
2987101
2989555
2991225
2993099
2994316
2995753
2996832
2997925
2999163
3000026
3000558
3001494
3002798
3004113
3005272
3007033
3008926
3009853
3012079
3013959
3015265
3016855
3018689
3019948
3020929
3021840
3023057
3024143
3024805
3025078
3025828
3026200
3026574
3026676
3027246
3027429
3027517
3027621
3028048
3028441
3028658
3029181
3029181
3029609
3029609
3029923
3030107
3030107
3030768
3031161
3031355
3031482
3031668
3031948
3032037
3033633
3033730
3033841
3034561
3035471
3035471
3035974
3036684
3036775
3036873
3037375
3037464
3037944
3038671
3039028
3039127
3039537
3040466
3040926
3041240
3041824
3041824
3042930
3043153
3043546
3044534
3045208
3045745
3047481
3048414
3049189
3050153
3050534
3050907
3051657
3051983
3052834
3054283
3054776
3055428
3055940
3056340
3057157
3058022
3058315
3058514
3058894
3059144
3059338
3060135
3060789
3061202
3061399
3061606
3061981
3062630
3063013
3063803
3064170
3064753
3065236
3066704
3068335
3070645
3072817
3074999
3076769
3077726
3077911
3078259
3078928
3079025
3079025
3079300
3080273
3081239
3081350
3081350
3082488
3082576
3082864
3083761
3084475
3085061
3085618
3086425
3086886
3087187
3087515
3087801
3088554
3088722
3089999
3093715
3095018
3095380
3095826
3096487
3097174
3097356
3097535
3097622
3097797
3097906
3098079
3098157
3098694
3098953
3099245
3099595
3099977
3099977
3099977
3100229
3100229
3100229
3100229
3100309
3100427
3100613
3100777
3100866
3100866
3100866
3100866
3101082
3101082
3101082
3101082
3101196
3101196
3101276
3101512
3101784
3101866
3102021
3102141
3102141
3102141
3102141
3102141
3102141
3102227
3102227
3102227
3102301
3102532
3102532
3102622
3102786
3103174
3103799
3103876
3104155
3104336
3104501
3104577
3104577
3104691
3104691
3104935
3104935
3104935
3104935
3104935
3104935
3104935
3104935
3104935
3105009
3105009
3105009
3105097
3105097
3105097
3105097
3105097
3105202
3105282
3105376
3105376
3105376
3105376
3105546
3105546
3105546
3105546
3105546
3105546
3105546
3105546
3105546
3105546
3105546
3105546
3105546
3105546
3105546
3105546
3105546
3105546
3105546
3105546
3105546
3105546
3105546
3105546
3105546
3105546
3105546
3105546
3105546
3105546
3105546
3105546
3105546
3105546
3105546
3105546
3105546
3105546
3105546
3105546
3105546
3105546
3105546
3105546
3105546
3105546
3105546
3105546
3105546
3105546
3105546
3105546
3105546
3105546
3105546
3105546
3105546
3105546
3105636
3105636
3105636
3105636
3105636
3105706
3105777
3105777
3105857
3105857
3105857
3105857
3105857
3105857
3105857
3105935
3105935
3105935
3105935
3105935
3105935
3106038
3106130
3106130
3106130
3106130
3106130
3106130
3106130
3106130
3106130
3106130
3106130
3106130
3106248
3106344
3106344
3106429
3106429
3106429
3106429
3106507
3106681
3106681
3106681
3106681
3106765
3106765
3106765
3106765
3106765
3106765
3106765
3106765
3106765
3106931
3107224
3107224
3107224
3107224
3107224
3107224
3107224
3107224
3107224
3107224
3107224
3107383
3107383
3107383
3107383
3107383
3107383
3107383
3107383
3107383
3107383
3107383
3107383
3107383
3107383
3107383
3107383
3107383
3107480
3107660
3107755
3108041
3108041
3108041
3108041
3108219
3108290
3108786
3109338
3109739
3110007
3110114
3110313
3110313
3110499
3110499
3110499
3110499
3110499
3110499
3110499
3110499
3110499
3110499
3110499
3110499
3110499
3110499
3110583
3110775
3111075
3111075
3111361
3111732
3111732
3111732
3111732
3111732
3111836
3111836
3112131
3112131
3112131
3112131
3112131
3112131
3112131
3112131
3112131
3112131
3112131
3112131
3112131
3112131
3112131
3112131
3112131
3112131
3112131
3112131
3112131
3112131
3112131
3112131
3112131
3112131
3112131
3112131
3112131
3112131
3112131
3112131
3112131
3112131
3112131
3112131
3112131
3112131
3112131
3112131
3112131
3112131
3112131
3112131
3112131
3112131
3112131
3112131
3112131
3112131
3112131
3112131
3112131
3112131
3112131
3112131
3112131
3112131
3112131
3112131
3112131
3112131
3112131
3112131
3112131
3112131
3112131
3112131
3112131
3112131
3112131
3112131
3112131
3112131
3112131
3112131
3112131
3112131
3112131
3112131
3112131
3112131
3112131
3112131
3112131
3112215
3112338
3112338
3112583
3112583
3112583
3112583
3112583
3112583
3112583
3112583
3112583
3112583
3112583
3112583
3112583
3112583
3112583
3112583
3112583
3112583
3112583
3112583
3112679
3112679
3112679
3112679
3112679
3112679
3112679
3112679
3112679
3112769
3112769
3112769
3112769
3112769
3112769
3112769
3112769
3112769
3112769
3112769
3112769
3112851
3112926
3113100
3113100
3113100
3113100
3113100
3113100
3113201
3113409
3113797
3113874
3113874
3114022
3114137
3114137
3114477
3114941
3115313
3115500
3115597
3115597
3115597
3115679
3115772
3116031
3116121
3116121
3116121
3116199
3116585
3116585
3116585
3116585
3116972
3116972
3116972
3116972
3116972
3117473
3117473
3117473
3117590
3117721
3118237
3118537
3118537
3118868
3118936
3119245
3119245
3119245
3119698
3119930
3120041
3120697
3121351
3121702
3122666
3123037
3123589
3123953
3124278
3124278
3125019
3125120
3125120
3125471
3125471
3125603
3125748
3125831
3125831
3125831
3125831
3125831
3125831
3125831
3125831
3125831
3125831
3126220
3126220
3126220
3126332
3126332
3126332
3126332
3126495
3126495
3126495
3126495
3126495
3126790
3126790
3126972
3127083
3127193
3127193
3127193
3127193
3127193
3127193
3127193
3127193
3127193
3127193
3127193
3127193
3127193
3127193
3127193
3127193
3127193
3127193
3127193
3127193
3127193
3127193
3127297
3127297
3127297
3127297
3127297
3127402
3127402
3127402
3127402
3127402
3127402
3127402
3127402
3127402
3127402
3127402
3127402
3127509
3127509
3127509
3127587
3127587
3127587
3127587
3127587
3127763
3127763
3127763
3127853
3127964
3127964
3127964
3127964
3127964
3127964
3127964
3127964
3127964
3127964
3127964
3127964
3127964
3128103
3128103
3128103
3128103
3128103
3128103
3128103
3128103
3128221
3128655
3128655
3128655
3128655
3128655
3128655
3128655
3128655
3128655
3128655
3128655
3128655
3128784
3128784
3128784
3128784
3128784
3128784
3128784
3128874
3128968
3128968
3128968
3128968
3128968
3128968
3128968
3128968
3128968
3128968
3128968
3128968
3128968
3129046
3129151
3129151
3129151
3129151
3129151
3129151
3129151
3129151
3129151
3129151
3129151
3129151
3129444
3129444
3129444
3129444
3129444
3129444
3129444
3129444
3129444
3129444
3129546
3129546
3129546
3129546
3129546
3129546
3129546
3129546
3129546
3129657
3129657
3129657
3129657
3129776
3129776
3129776
3129868
3129868
3129868
3129868
3129970
3130155
3131269
3131269
3131828
3131828
3131828
3131828
3131828
3131828
3131957
3131957
3131957
3131957
3131957
3131957
3131957
3131957
3131957
3131957
3131957
3131957
3132071
3132321
3133305
3133435
3133712
3134082
3134499
3134612
3135779
3136790
3137356
3137902
3138421
3138941
3139037
3139464
3140443
3142685
3143884
3144540
3145362
3146061
3147075
3148483
3152582
3156568
3158916
3162484
3168026
3172224
3173480
3174889
3175275
3178111
3181648
3184061
3187529
3189185
3189328
3190054
3190320
3190884
3190884
3193036
3193149
3194228
3195215
3195794
3196207
3196727
3197279
3197746
3198275
3199028
3199494
3200503
3201723
3204271
3206034
3206952
3207302
3207888
3208122
3208122
3208525
3208649
3208976
3209529
3209617
3209617
3209617
3209859
3210679
3210679
3211357
3211989
3213203
3214269
3214553
3214808
3214808
3215191
3215656
3216027
3216588
3219559
3222237
3227170
3228233
3228565
3229643
3229643
3230770
3231110
3231194
3231564
3231564
3231698
3231937
3232271
3232381
3232381
3232715
3233339
3233339
3233339
3233339
3233339
3233475
3233561
3233701
3233701
3234334
3234425
3234653
3234653
3235108
3235206
3235301
3235301
3235511
3236704
3237863
3238465
3238816
3238816
3238816
3238816
3238816
3238816
3238816
3238816
3238816
3239256
3239256
3239256
3239256
3239373
3239373
3239484
3239484
3239484
3239484
3239484
3240327
3242138
3242341
3242341
3242748
3245431
3245800
3246145
3246240
3247488
3248483
3248901
3249496
3250951
3253399
3257222
3259678
3260828
3261806
3261806
3262246
3262765
3262994
3263167
3263355
3263779
3264441
3264648
3264920
3265017
3265204
3265649
3268249
3270351
3272021
3274073
3275570
3276366
3276868
3277856
3280326
3281054
3282248
3283011
3283332
3283579
3283991
3284569
3284957
3285038
3285585
3286013
3286240
3286633
3287208
3287933
3288172
3288755
3289037
3289123
3289308
3289308
3290326
3290402
3290402
3290402
3290511
3290647
3290873
3291089
3291337
3291444
3291444
3291444
3291526
3291720
3292261
3292694
3294731
3296741
3298759
3301769
3303024
3304267
3307034
3310853
3313800
3315502
3319517
3320089
3320609
3321155
3321738
3322271
3322414
3322797
3323156
3323156
3323156
3323253
3323253
3323253
3323253
3323353
3323460
3323460
3323460
3323660
3323660
3323768
3323915
3323994
3324090
3324173
3324890
3324986
3325141
3325241
3325241
3325241
3325448
3325448
3325809
3326048
3326126
3326213
3326549
3327029
3327205
3327548
3327548
3327548
3327548
3327548
3327548
3327842
3328908
3330585
3339809
3350316
3361045
3371923
3382549
3397476
3408946
3416992
3443815
3472112
3497109
3513227
3522749
3540426
3559368
3574488
3578646
3583937
3586123
3589740
3592711
3599183
3608220
3615473
3621220
3630282
3633732
3640193
3644973
3653791
3659829
3662127
3662285
3662488
3663805
3665726
3667173
3669354
3672785
3675495
3678372
3687590
3694468
3702796
3708596
3714470
3720050
3723759
3728920
3730373
3733984
3741108
3742815
3744135
3746022
3746990
3748040
3748339
3750814
3752238
3753072
3754220
3754894
3759510
3761811
3766868
3769107
3770937
3771263
3772228
3774606
3776477
3777591
3780425
3784462
3786090
3789779
3792123
3794582
3797366
3799612
3802509
3804050
3805437
3807665
3810343
3813132
3827624
3838728
3847757
3862033
3869150
3877210
3882921
3886931
3894231
3908673
3918972
3926567
3934875
3942581
3952615
3959604
3962247
3972145
3977617
3984549
3993723
4007682
4016727
4028057
4032329
4034606
4037556
4039459
4041926
4046515
4049896
4052854
4058322
4062377
4067057
4079956
4087942
4094579
4108033
4128563
4147852
4160964
4183802
4214082
4224096
4237356
4252095
4267844
4279335
4291207
4316331
4354190
4383491
4411775
4423238
4429656
4435604
4445940
4452398
4460160
4466799
4471259
4472772
4476101
4484167
4489897
4495649
4500448
4505590
4506635
4507301
4507863
4508277
4510664
4511771
4513306
4513573
4514012
4515243
4516099
4516258
4516366
4518775
4520353
4520777
4521385
4522005
4522461
4523250
4524020
4524111
4525808
4527887
4529889
4531040
4532101
4532804
4534777
4537339
4538820
4542265
4545319
4547593
4549374
4550654
4551633
4552651
4554103
4555008
4555769
4556520
4557057
4557535
4558011
4558696
4559151
4559620
4560327
4560818
4561786
4562905
4563949
4564516
4565404
4566674
4567419
4567789
4568027
4568643
4569000
4569945
4570512
4571382
4571625
4571714
4572180
4572712
4573092
4573369
4573855
4574964
4575748
4575748
4576277
4576454
4576753
4576840
4577413
4578090
4578550
4578720
4579633
4579917
4580390
4581438
4582159
4583831
4585257
4587039
4588785
4590283
4592749
4595638
4596983
4597636
4598436
4599786
4600406
4600959
4602054
4602681
4603568
4603828
4604392
4604988
4605530
4606085
4606887
4607711
4611779
4615137
4618299
4619212
4622087
4622997
4623755
4623755
4623755
4623755
4623755
4623755
4623755
4623755
4623755
4623755
4623755
4623755
4623755
4623755
4623755
4623755
4623755
4623755
4623755
4623755
4623755
4623755
4623755
4623755
4623755
4623755
4623755
4623755
4623755
4623755
4623755
4623755
4623755
4623755
4623755
4623755
4623755
4623755
4623755
4623755
4623755
4623755
4623755
4623755
4623755
4623755
4623755
4623755
4623755
4623755
4623755
4623755
4623755
4623755
4623755
4623755
4623755
4623755
4623755
4623755
4623755
4623755
4623755
4623755
4623868
4623868
4623868
4623868
4623868
4623868
4623868
4623868
4623868
4623868
4623868
4623868
4623868
4623868
4623868
4623868
4623868
4623868
4623868
4623868
4623868
4623868
4623868
4623868
4623868
4623868
4623868
4623868
4623868
4623868
4623868
4623868
4623868
4623868
4623868
4623868
4623868
4623868
4623868
4623868
4623868
4623868
4623868
4623868
4623868
4623868
4623868
4623868
4623868
4623868
4623868
4623868
4623868
4623964
4623964
4623964
4623964
4623964
4623964
4623964
4623964
4624064
4624064
4624064
4624152
4624152
4624152
4624152
4624152
4624152
4624152
4624152
4624152
4624152
4624152
4624152
4624331
4624426
4624426
4624604
4624803
4624970
4625053
4625631
4625904
4626002
4626109
4626224
4626565
4627314
4627415
4627501
4627574
4627930
4628289
4628494
4628690
4628764
4628764
4628945
4629023
4629276
4629276
4629643
4629913
4630403
4630613
4630980
4631081
4631171
4631544
4631727
4631923
4631923
4632569
4632652
4632749
4632920
4633107
4633193
4633292
4633480
4633645
4633727
4634018
4634528
4634973
4636236
4636674
4637043
4637409
4637796
4637963
4638145
4638145
4638356
4638454
4638639
4638744
4639196
4639658
4640039
4640519
4641302
4641768
4642268
4642927
4644320
4645296
4646999
4648445
4649258
4650105
4651072
4651698
4652269
4652829
4653936
4654511
4655554
4655929
4656631
4657272
4658025
4658273
4658565
4658845
4659155
4659533
4659734
4660098
4660186
4660278
4660354
4660566
4660566
4660566
4660566
4660643
4660728
4661016
4661016
4661125
4661125
4661327
4661327
4661327
4661327
4661327
4661327
4661327
4661327
4661327
4661327
4661327
4661327
4661327
4661327
4661327
4661327
